$ANSIBLE_VAULT;1.1;AES256
39623963373633376634373431373564646432393934383362383161373561396262356636613732
6535376335396132336539373737366230636137396332640a646230383761353264326633666436
30386636663465386134666336386433616439383139366530623162336364313032646237636231
6662313434393631630a396438376430396539333566313036396130333362356638623935663630
35663537336532323561323764616433333935396265313830316262336664636137356631633936
39663564613862633065333864346638316234336133393639316161343433333935353463663335
37616561656664373234633333353534616335613630663861343466653666626466323931336466
34636330393638666630353765386161333064633539323261363237383061396534613565643764
38316333343834303665623962663766353162376436336330333532333562353438653136343839
66653464366433643937373132666263343061616664663931663661613632343332376234373264
32323233646466346333316336636134626562396332363935656635326561376239643231623937
61333330343666373136643735393238613465333231666261376631333338636661343062336637
65613638376433373566326562616338663561343933386430643865316663633563396663376533
37626462316363323263306234326630323762326536626566323938306263386138613866666434
32656136373436353463643964346463313330383838313230383939303436373864616262363565
30663365653463393633623764633934373065353462333631633334333336663165663732623361
30353464343638366631663866643339343666376565373236643533323236303438306135653933
36356534653335313132666163353037396361656539306334326136653764666133633361396335
38383237663630343463633137383961616130386561356230636432333666323634376534333537
36376439666565663230383438343133653637643934326337373335646331663035343838616439
36316536643539613338653363643864333464383834336164393238633939343534373261636463
30313463373533353665666430626636373631353133613961343764623230303663353430616339
376461313331396163326131626138336464
